1 1 0 Grecia 2020 🏖✈ 1579509985000 4 4 0 2 1 0 1579509985000 0 0.0 1 0 0 0 0 1 0 1 1 0 0 0
2 2 0 NYE 2020 🍾 1569334964000 7 7 0 5 1 0 1569334964000 0 0.0 1 0 0 0 0 1 0 1 1 0 0 0
3 3 0 IBM Security Bucuresti 1580920981000 10 10 0 8 1 0 1580920981000 0 0.0 1 0 0 0 0 1 0 1 1 0 0 0
4 4 0 daca ploua nu ma ploua 1540995266000 13 13 0 11 1 0 1540995266000 0 0.0 1 0 0 0 0 1 0 1 1 0 0 0
5 5 0 IT&C Security Master  1533218670000 41 41 41 41 1 0 1591375743000 0 0.0 1 0 0 0 0 1 0 1 0 0 0 0
6 6 0 Turkey party! 1514193773000 18 18 0 16 1 0 1548140342000 0 0.0 1 0 0 0 0 1 0 1 1 0 0 0
7 7 0 Survivors of M.I.T. 1438090857000 20 20 0 18 1 0 1532542410000 0 0.0 1 0 0 0 0 1 0 1 1 0 0 0
8 8 0 Grup de grup 1385976580000 23 23 0 21 1 0 1398756147000 0 0.0 1 0 0 0 0 1 0 1 1 0 0 0
9 9 0 Germana A.1.1-IBM2 1547478640000 25 25 0 24 1 0 1547481508000 0 0.0 1 0 0 0 0 1 0 1 0 0 0 0
10 10 0 Mare 1500296028000 28 28 0 26 1 0 1500296028000 0 0.0 1 0 0 0 0 1 0 1 1 0 0 0
11 11 0 Grecia 2020 NEW❤✈💗 1580556000000 35 35 0 29 1 0 1580556000000 0 0.0 1 0 0 0 0 1 0 1 1 0 0 0
12 12 0 Info eng 1079 1443458435000 34 34 0 32 1 0 1507022345000 0 0.0 1 0 0 0 0 1 0 1 1 0 0 0
13 13 1                       
